[gd_scene load_steps=16 format=3 uid="uid://fm50688yxt7s"]

[ext_resource type="Script" path="res://DiceRoll/dice_side_raycast.gd" id="2_0ermh"]
[ext_resource type="ArrayMesh" uid="uid://cevs2yvalbadw" path="res://DiceRoll/dice_d4.tres" id="3_hbgvt"]
[ext_resource type="ArrayMesh" uid="uid://chbmqk51g6q0m" path="res://DiceRoll/dice_d6.tres" id="4_1su7d"]
[ext_resource type="ArrayMesh" uid="uid://bskobr02h6y87" path="res://DiceRoll/dice_d8.tres" id="5_fgjsm"]
[ext_resource type="ArrayMesh" uid="uid://cye0fk275e5sy" path="res://DiceRoll/dice_d10.tres" id="6_tjypf"]
[ext_resource type="ArrayMesh" uid="uid://gc5vb652xi5c" path="res://DiceRoll/dice_d12.tres" id="7_et0fp"]
[ext_resource type="ArrayMesh" uid="uid://qom2hot7k7jv" path="res://DiceRoll/dice_d20.tres" id="8_l556a"]
[ext_resource type="ArrayMesh" uid="uid://dpycmvijvu5n1" path="res://DiceRoll/dice_d100.tres" id="9_rl46j"]

[sub_resource type="ConvexPolygonShape3D" id="ConvexPolygonShape3D_d0ft3"]
points = PackedVector3Array(1.27279, -0.45, -0.000215769, -0.6364, -0.45, 1.10227, -0.6364, -0.45, -1.10227, -6.56247e-05, 1.35, -0.000215769)

[sub_resource type="ConvexPolygonShape3D" id="ConvexPolygonShape3D_sf618"]
points = PackedVector3Array(0.8, 0.8, 0.8, 0.8, 0.8, -0.8, -0.8, 0.8, 0.8, 0.8, -0.8, 0.8, 0.8, -0.8, -0.8, -0.8, 0.8, -0.8, -0.8, -0.8, 0.8, -0.8, -0.8, -0.8)

[sub_resource type="ConvexPolygonShape3D" id="ConvexPolygonShape3D_0tcn7"]
points = PackedVector3Array(-0.95, -0.000262976, -0.95, -0.000185966, -1.34349, -0.000185966, -0.95, -0.000262976, 0.95, -0.000185966, 1.34349, -0.000185966, 0.95, -0.000262976, -0.95, 0.95, -0.000262976, 0.95)

[sub_resource type="ConvexPolygonShape3D" id="ConvexPolygonShape3D_e47ah"]
points = PackedVector3Array(-0.000228405, 1.16672, -0.000217199, 0.360432, 0.123113, -1.10961, -0.94402, 0.123113, -0.686012, -0.94402, 0.123113, 0.685577, 0.360432, 0.123113, 1.10961, 1.16672, 0.123113, -0.000217199, 0.943792, -0.123342, -0.686012, -0.36066, -0.123342, -1.10961, -0.000228405, -1.16672, -0.000217199, -1.16672, -0.123342, -0.000217199, -0.36066, -0.123342, 1.10961, 0.943792, -0.123342, 0.685577)

[sub_resource type="ConvexPolygonShape3D" id="ConvexPolygonShape3D_dfnx4"]
points = PackedVector3Array(-0.343887, 0.212314, -1.05801, -0.900117, -0.21249, -0.65411, -0.212561, 0.9, -0.65411, 0.343669, -0.21249, -1.05801, 0.212343, -0.9, -0.65411, -0.900117, -0.21249, 0.653696, -1.11246, 0.212314, -0.000207186, -0.687556, 0.9, -0.000207186, -0.556448, -0.9, -0.404314, 0.556012, 0.9, -0.404314, 0.899899, 0.212314, -0.65411, 1.11246, -0.21249, -0.000207186, 0.687338, -0.9, -0.000207186, -0.556448, -0.9, 0.4039, -0.343887, 0.212314, 1.05801, -0.212561, 0.9, 0.653696, 0.556012, 0.9, 0.4039, 0.899899, 0.212314, 0.653696, 0.343669, -0.21249, 1.05801, 0.212343, -0.9, 0.653696)

[sub_resource type="ConvexPolygonShape3D" id="ConvexPolygonShape3D_3tsl7"]
points = PackedVector3Array(-1.09567, 0.547749, -0.000203967, -0.338697, 0.547749, -1.04205, -0.886532, -0.547989, -0.644039, -0.886532, -0.547989, 0.643835, -0.338697, 0.547749, 1.04205, -0.000214458, 1.225, -0.000203967, 0.886317, 0.547749, -0.644039, 0.338482, -0.547989, -1.04205, -0.000214458, -1.225, -0.000203967, 0.338482, -0.547989, 1.04205, 0.886317, 0.547749, 0.643835, 1.09567, -0.547989, -0.000203967)

[sub_resource type="ConvexPolygonShape3D" id="ConvexPolygonShape3D_7ouxb"]
points = PackedVector3Array(-0.00228405, 11.6672, -0.00217247, -4.34665, 1.98032, -7.8029, -4.80804, 2.78204, -6.89053, -9.4402, 1.23113, -6.86012, -6.72897, 4.23016, 0.182473, -6.36123, 4.63673, 3.19762, -9.4402, 1.23113, 6.85577, -1.1352, 4.85372, 6.11067, 0.248967, 5.18263, 6.24753, 3.60431, 1.23113, 11.0961, 2.81401, 4.89255, 6.54948, 6.03003, 5.18263, 1.67701, 11.6672, 1.23113, -0.00217247, 4.03373, 4.76921, -5.06363, 3.29139, 4.63673, -6.2888, 3.60431, 1.23113, -11.0961, 1.37731, 4.18448, -7.56612, -0.0913649, 1.90951, -9.25182, -3.6066, -1.23342, -11.0961, -5.99577, -2.27954, -6.20191, -8.4489, -3.09268, -1.57492, -11.6672, -1.23342, -0.00217247, -8.86689, 1.86611, 2.89133, -8.24333, -1.65369, 4.06871, -3.6066, -1.23342, 11.0961, -1.06896, 1.98032, 8.86515, -0.159887, 2.78204, 8.39811, 4.93823, -2.54221, 7.07517, 5.5458, -1.73135, 7.64866, 9.43791, -1.23342, 6.85577, 7.86645, 1.72907, 4.46407, 0.121058, 1.86611, 9.36043, 8.8646, -1.8684, 2.9956, 7.9167, -2.9168, -0.393187, 8.75497, -1.98945, -3.47785, 9.43791, -1.23342, -6.86012, 8.60422, 1.91636, -3.16287, 3.57462, -1.83185, -8.19608, -0.886232, -2.09909, -9.39085, -0.550469, -4.68013, -6.82753, -0.00228405, -11.6672, -0.00217247, -3.17947, -4.63901, -6.44738, -5.24887, -4.23244, -4.22512, -7.30456, -4.63901, 0.764648, -8.27987, -3.59061, 1.03619, -7.94183, -2.27954, 3.5213, -3.96749, -5.23288, 4.44669, -1.2791, -4.63901, 7.10124, 4.55907, -5.00675, 4.85509, 6.00034, -2.94421, 6.34746, 7.30685, -3.59061, 3.65598, 6.76551, -4.18905, 1.37941, 6.48457, -4.49968, -2.44601, 7.17894, -3.73223, -3.29972, 4.15707, -4.63216, -5.34385, 1.76561, -3.9652, -6.75585, 6.1351, -4.8857, -3.05208, 5.87471, -5.17349, 1.6314, -5.93182, -5.17349, 1.83342, -6.37036, -5.15751, 1.25342)

[node name="Dices" type="Node3D"]

[node name="DiceD4" type="RigidBody3D" parent="."]
transform = Transform3D(1, 0, 0, 0, 1, 0, 0, 0, 1, 0, 0, 0)
max_contacts_reported = 1

[node name="MeshInstance3D" type="MeshInstance3D" parent="DiceD4"]
transform = Transform3D(1, 0, 0, 0, 1, 0, 0, 0, 1, 0.320232, 0, -0.0223923)
mesh = ExtResource("3_hbgvt")

[node name="CollisionShape3D" type="CollisionShape3D" parent="DiceD4"]
transform = Transform3D(1, 0, 0, 0, 1, 0, 0, 0, 1, 0.320232, 0, -0.0223923)
shape = SubResource("ConvexPolygonShape3D_d0ft3")

[node name="RayCasts" type="Node3D" parent="DiceD4"]

[node name="RayCast 1" type="RayCast3D" parent="DiceD4/RayCasts"]
transform = Transform3D(1, 0, 0, 0, 1, 2.98023e-08, 0, -2.98023e-08, 1, 0.284626, -0.450001, -0.0465669)
target_position = Vector3(0, -0.2, 0)
collision_mask = 2
hit_from_inside = true
script = ExtResource("2_0ermh")
opposite_side = 1

[node name="RayCast 2" type="RayCast3D" parent="DiceD4/RayCasts"]
transform = Transform3D(0.486022, -0.396848, 0.778648, -0.803697, -0.552935, 0.219848, 0.343296, -0.732649, -0.587684, 0.506798, 0.311254, 0.216672)
target_position = Vector3(0, -0.2, 0)
collision_mask = 2
hit_from_inside = true
script = ExtResource("2_0ermh")
opposite_side = 4

[node name="RayCast 3" type="RayCast3D" parent="DiceD4/RayCasts"]
transform = Transform3D(-0.247103, 0.5199, 0.817707, -0.871532, 0.249594, -0.422061, -0.423523, -0.81695, 0.391434, 0.52697, 0.215424, -0.366354)
target_position = Vector3(0, -0.2, 0)
collision_mask = 2
hit_from_inside = true
script = ExtResource("2_0ermh")
opposite_side = 3

[node name="RayCast 4" type="RayCast3D" parent="DiceD4/RayCasts"]
transform = Transform3D(-0.324197, 0.933988, 0.150207, -0.929658, -0.343935, 0.132076, 0.175019, -0.0968221, 0.979793, -0.0458374, 0.331701, -0.0298972)
target_position = Vector3(0, -0.2, 0)
collision_mask = 2
hit_from_inside = true
script = ExtResource("2_0ermh")
opposite_side = 2

[node name="DiceD6" type="RigidBody3D" parent="."]
transform = Transform3D(1, 0, 0, 0, 1, 0, 0, 0, 1, 5, 0, 0)

[node name="MeshInstance3D" type="MeshInstance3D" parent="DiceD6"]
mesh = ExtResource("4_1su7d")

[node name="CollisionShape3D" type="CollisionShape3D" parent="DiceD6"]
shape = SubResource("ConvexPolygonShape3D_sf618")

[node name="RayCasts" type="Node3D" parent="DiceD6"]

[node name="RayCast 1" type="RayCast3D" parent="DiceD6/RayCasts"]
transform = Transform3D(1, 0, 0, 0, -1, 8.74228e-08, 0, -8.74228e-08, -1, 0, 0.8, 0)
target_position = Vector3(0, -0.2, 0)
collision_mask = 2
hit_from_inside = true
script = ExtResource("2_0ermh")
opposite_side = 6

[node name="RayCast 2" type="RayCast3D" parent="DiceD6/RayCasts"]
transform = Transform3D(1, 0, 0, 0, -4.37114e-08, -1, 0, 1, -4.37114e-08, 0, 0, -0.8)
target_position = Vector3(0, -0.2, 0)
collision_mask = 2
hit_from_inside = true
script = ExtResource("2_0ermh")
opposite_side = 3

[node name="RayCast 3" type="RayCast3D" parent="DiceD6/RayCasts"]
transform = Transform3D(1, 0, 0, 0, 1, 0, 0, 0, 1, 0, -0.8, -1.74845e-08)
target_position = Vector3(0, -0.2, 0)
collision_mask = 2
hit_from_inside = true
script = ExtResource("2_0ermh")
opposite_side = 1

[node name="RayCast 4" type="RayCast3D" parent="DiceD6/RayCasts"]
transform = Transform3D(1, 0, 0, 0, 1.31134e-07, 1, 0, -1, 1.31134e-07, 0, 2.24117e-07, 0.8)
target_position = Vector3(0, -0.2, 0)
collision_mask = 2
hit_from_inside = true
script = ExtResource("2_0ermh")
opposite_side = 4

[node name="RayCast 5" type="RayCast3D" parent="DiceD6/RayCasts"]
transform = Transform3D(-4.37114e-08, -1, 2.62268e-07, -1.31134e-07, 2.62268e-07, 1, -1, 4.37114e-08, -1.31134e-07, 0.8, 0, 0)
target_position = Vector3(0, -0.2, 0)
collision_mask = 2
hit_from_inside = true
script = ExtResource("2_0ermh")
opposite_side = 5

[node name="RayCast 6" type="RayCast3D" parent="DiceD6/RayCasts"]
transform = Transform3D(-4.37114e-08, 1, -1.74846e-07, -1.31134e-07, -1.74846e-07, -1, -1, -4.37114e-08, 1.31134e-07, -0.8, -3.49692e-08, 0)
target_position = Vector3(0, -0.2, 0)
collision_mask = 2
hit_from_inside = true
script = ExtResource("2_0ermh")
opposite_side = 2

[node name="DiceD8" type="RigidBody3D" parent="."]
transform = Transform3D(1, 0, 0, 0, 1, 0, 0, 0, 1, 10, 0, 0)

[node name="MeshInstance3D" type="MeshInstance3D" parent="DiceD8"]
mesh = ExtResource("5_fgjsm")

[node name="CollisionShape3D" type="CollisionShape3D" parent="DiceD8"]
shape = SubResource("ConvexPolygonShape3D_0tcn7")

[node name="RayCasts" type="Node3D" parent="DiceD8"]

[node name="RayCast 1" type="RayCast3D" parent="DiceD8/RayCasts"]
transform = Transform3D(0.707107, -0.707107, 6.18172e-08, -0.707107, -0.707107, 6.18172e-08, 0, -8.74228e-08, -1, 0.6, 0.494707, 0)
target_position = Vector3(0, -0.2, 0)
collision_mask = 2
hit_from_inside = true
script = ExtResource("2_0ermh")
opposite_side = 8

[node name="RayCast 2" type="RayCast3D" parent="DiceD8/RayCasts"]
transform = Transform3D(1, 0, 0, 0, -0.707107, 0.707107, 0, -0.707107, -0.707107, 0, 0.636127, 0.5)
target_position = Vector3(0, -0.2, 0)
collision_mask = 2
hit_from_inside = true
script = ExtResource("2_0ermh")
opposite_side = 2

[node name="RayCast 3" type="RayCast3D" parent="DiceD8/RayCasts"]
transform = Transform3D(0.707107, 0.707107, -6.18172e-08, 0.707107, -0.707107, 6.18172e-08, 0, -8.74228e-08, -1, -0.5, 0.636377, 0)
target_position = Vector3(0, -0.2, 0)
collision_mask = 2
hit_from_inside = true
script = ExtResource("2_0ermh")
opposite_side = 4

[node name="RayCast 4" type="RayCast3D" parent="DiceD8/RayCasts"]
transform = Transform3D(1, 0, 0, 0, -0.707107, -0.707107, 0, 0.707107, -0.707107, 0, 0.636377, -0.5)
target_position = Vector3(0, -0.2, 0)
collision_mask = 2
hit_from_inside = true
script = ExtResource("2_0ermh")
opposite_side = 6

[node name="RayCast 5" type="RayCast3D" parent="DiceD8/RayCasts"]
transform = Transform3D(-0.707107, 0.707107, -6.18173e-08, 0.707107, 0.707107, -6.18172e-08, 0, -8.74228e-08, -1, -0.550001, -0.486486, 0)
target_position = Vector3(0, -0.2, 0)
collision_mask = 2
hit_from_inside = true
script = ExtResource("2_0ermh")
opposite_side = 1

[node name="RayCast 6" type="RayCast3D" parent="DiceD8/RayCasts"]
transform = Transform3D(-1, 6.18172e-08, -6.18172e-08, 8.74228e-08, 0.707107, -0.707107, 0, -0.707107, -0.707107, 0.0499992, -0.627907, 0.5)
target_position = Vector3(0, -0.2, 0)
collision_mask = 2
hit_from_inside = true
script = ExtResource("2_0ermh")
opposite_side = 3

[node name="RayCast 7" type="RayCast3D" parent="DiceD8/RayCasts"]
transform = Transform3D(-0.707107, -0.707107, 6.18172e-08, -0.707107, 0.707107, -6.18173e-08, 0, -8.74228e-08, -1, 0.549999, -0.628156, 0)
target_position = Vector3(0, -0.2, 0)
collision_mask = 2
hit_from_inside = true
script = ExtResource("2_0ermh")
opposite_side = 5

[node name="RayCast 8" type="RayCast3D" parent="DiceD8/RayCasts"]
transform = Transform3D(-1, 6.18172e-08, 6.18172e-08, 8.74228e-08, 0.707107, 0.707107, 0, 0.707107, -0.707107, 0.0499992, -0.628156, -0.5)
target_position = Vector3(0, -0.2, 0)
collision_mask = 2
hit_from_inside = true
script = ExtResource("2_0ermh")
opposite_side = 7

[node name="DiceD10" type="RigidBody3D" parent="."]
transform = Transform3D(1, 0, 0, 0, 1, 0, 0, 0, 1, 15, 0, 0)

[node name="MeshInstance3D" type="MeshInstance3D" parent="DiceD10"]
mesh = ExtResource("6_tjypf")

[node name="CollisionShape3D" type="CollisionShape3D" parent="DiceD10"]
shape = SubResource("ConvexPolygonShape3D_e47ah")

[node name="RayCasts" type="Node3D" parent="DiceD10"]

[node name="RayCast 1" type="RayCast3D" parent="DiceD10/RayCasts"]
transform = Transform3D(0.56085, -0.56085, -0.609011, -0.707107, -0.707107, 6.18172e-08, -0.430636, 0.430636, -0.793162, 0.556164, 0.423166, -0.39452)
target_position = Vector3(0, -0.2, 0)
collision_mask = 2
hit_from_inside = true
script = ExtResource("2_0ermh")
opposite_side = 1

[node name="RayCast 2" type="RayCast3D" parent="DiceD10/RayCasts"]
transform = Transform3D(-0.216065, 0.216065, -0.952172, -0.707107, -0.707107, 9.99964e-08, -0.673287, 0.673287, 0.305562, -0.150588, 0.423166, -0.606893)
target_position = Vector3(0, -0.2, 0)
collision_mask = 2
hit_from_inside = true
script = ExtResource("2_0ermh")
opposite_side = 9

[node name="RayCast 3" type="RayCast3D" parent="DiceD10/RayCasts"]
transform = Transform3D(-0.707046, 0.707047, -0.0130548, -0.707107, -0.707107, 1.0978e-07, -0.00923117, 0.00923112, 0.999915, -0.663983, 0.423166, 0.00201714)
target_position = Vector3(0, -0.2, 0)
collision_mask = 2
hit_from_inside = true
script = ExtResource("2_0ermh")
opposite_side = 5

[node name="RayCast 4" type="RayCast3D" parent="DiceD10/RayCasts"]
transform = Transform3D(-0.158595, 0.158595, 0.974523, -0.707107, -0.707107, 1.10139e-07, 0.689092, -0.689092, 0.224288, -0.162527, 0.423166, 0.545261)
target_position = Vector3(0, -0.2, 0)
collision_mask = 2
hit_from_inside = true
script = ExtResource("2_0ermh")
opposite_side = 3

[node name="RayCast 5" type="RayCast3D" parent="DiceD10/RayCasts"]
transform = Transform3D(0.595204, -0.595205, 0.539873, -0.707107, -0.707107, 1.18627e-07, 0.381748, -0.381748, -0.841747, 0.52399, 0.423166, 0.339306)
target_position = Vector3(0, -0.2, 0)
collision_mask = 2
hit_from_inside = true
script = ExtResource("2_0ermh")
opposite_side = 7

[node name="RayCast 6" type="RayCast3D" parent="DiceD10/RayCasts"]
transform = Transform3D(-0.56085, 0.56085, 0.609011, 0.707107, 0.707107, -8.30851e-08, -0.430636, 0.430636, -0.793162, -0.514944, -0.44837, -0.39452)
target_position = Vector3(0, -0.2, 0)
collision_mask = 2
hit_from_inside = true
script = ExtResource("2_0ermh")
opposite_side = 2

[node name="RayCast 7" type="RayCast3D" parent="DiceD10/RayCasts"]
transform = Transform3D(0.216065, -0.216065, 0.952172, 0.707107, 0.707107, 1.59127e-08, -0.673287, 0.673287, 0.305562, 0.191808, -0.44837, -0.606893)
target_position = Vector3(0, -0.2, 0)
collision_mask = 2
hit_from_inside = true
script = ExtResource("2_0ermh")
opposite_side = 6

[node name="RayCast 8" type="RayCast3D" parent="DiceD10/RayCasts"]
transform = Transform3D(0.707046, -0.707047, 0.0130549, 0.707107, 0.707107, -1.0738e-07, -0.00923117, 0.00923112, 0.999915, 0.705203, -0.44837, 0.00201714)
target_position = Vector3(0, -0.2, 0)
collision_mask = 2
hit_from_inside = true
script = ExtResource("2_0ermh")
opposite_side = 4

[node name="RayCast 9" type="RayCast3D" parent="DiceD10/RayCasts"]
transform = Transform3D(0.158595, -0.158596, -0.974523, 0.707107, 0.707107, -1.83121e-07, 0.689092, -0.689092, 0.224288, 0.203747, -0.44837, 0.545261)
target_position = Vector3(0, -0.2, 0)
collision_mask = 2
hit_from_inside = true
script = ExtResource("2_0ermh")
opposite_side = 10

[node name="RayCast 10" type="RayCast3D" parent="DiceD10/RayCasts"]
transform = Transform3D(-0.595204, 0.595205, -0.539873, 0.707107, 0.707107, -1.64454e-07, 0.381748, -0.381748, -0.841747, -0.48277, -0.44837, 0.339306)
target_position = Vector3(0, -0.2, 0)
collision_mask = 2
hit_from_inside = true
script = ExtResource("2_0ermh")
opposite_side = 8

[node name="DiceD12" type="RigidBody3D" parent="."]
transform = Transform3D(1, 0, 0, 0, 1, 0, 0, 0, 1, 20, 0, 0)

[node name="MeshInstance3D" type="MeshInstance3D" parent="DiceD12"]
mesh = ExtResource("7_et0fp")

[node name="CollisionShape3D" type="CollisionShape3D" parent="DiceD12"]
shape = SubResource("ConvexPolygonShape3D_dfnx4")

[node name="RayCasts" type="Node3D" parent="DiceD12"]

[node name="RayCast 1" type="RayCast3D" parent="DiceD12/RayCasts"]
transform = Transform3D(1, 0, 0, 0, -1, 8.74228e-08, 0, -8.74228e-08, -1, 0, 0.9, 0)
target_position = Vector3(0, -0.2, 0)
collision_mask = 2
hit_from_inside = true
script = ExtResource("2_0ermh")
opposite_side = 12

[node name="RayCast 2" type="RayCast3D" parent="DiceD12/RayCasts"]
transform = Transform3D(1, 0, 0, 0, 1, 0, 0, 0, 1, 0, -0.9, 0)
target_position = Vector3(0, -0.2, 0)
collision_mask = 2
hit_from_inside = true
script = ExtResource("2_0ermh")
opposite_side = 1

[node name="RayCast 3" type="RayCast3D" parent="DiceD12/RayCasts"]
transform = Transform3D(0.971263, -0.206121, 0.119004, 0, -0.5, -0.866026, 0.238008, 0.841138, -0.485632, 0.27911, 0.392081, -0.765029)
target_position = Vector3(0, -0.2, 0)
collision_mask = 2
hit_from_inside = true
script = ExtResource("2_0ermh")
opposite_side = 9

[node name="RayCast 4" type="RayCast3D" parent="DiceD12/RayCasts"]
transform = Transform3D(-0.427957, 0.782713, -0.451899, -1.06647e-08, -0.5, -0.866026, -0.903799, -0.370622, 0.213979, -0.61038, 0.392081, 0.533293)
target_position = Vector3(0, -0.2, 0)
collision_mask = 2
hit_from_inside = true
script = ExtResource("2_0ermh")
opposite_side = 10

[node name="RayCast 5" type="RayCast3D" parent="DiceD12/RayCasts"]
transform = Transform3D(0.53261, 0.73297, -0.42318, 1.55571e-08, -0.5, -0.866026, -0.846361, 0.461254, -0.266305, -0.687727, 0.392081, -0.461167)
target_position = Vector3(0, -0.2, 0)
collision_mask = 2
hit_from_inside = true
script = ExtResource("2_0ermh")
opposite_side = 11

[node name="RayCast 6" type="RayCast3D" parent="DiceD12/RayCasts"]
transform = Transform3D(-0.00933751, -0.865988, 0.499978, 2.81689e-08, -0.5, -0.866026, 0.999956, -0.00808659, 0.00466877, 0.798439, 0.392081, 0.0415883)
target_position = Vector3(0, -0.2, 0)
collision_mask = 2
hit_from_inside = true
script = ExtResource("2_0ermh")
opposite_side = 7

[node name="RayCast 7" type="RayCast3D" parent="DiceD12/RayCasts"]
transform = Transform3D(-0.939394, -0.296908, 0.17142, 2.78906e-08, -0.5, -0.866026, 0.34284, -0.813539, 0.469697, 0.284636, 0.392081, 0.787434)
target_position = Vector3(0, -0.2, 0)
collision_mask = 2
hit_from_inside = true
script = ExtResource("2_0ermh")
opposite_side = 8

[node name="RayCast 8" type="RayCast3D" parent="DiceD12/RayCasts"]
transform = Transform3D(-0.971263, 0.206121, -0.119004, -7.07242e-08, 0.5, 0.866026, 0.238008, 0.841139, -0.485632, -0.253479, -0.465167, -0.765029)
target_position = Vector3(0, -0.2, 0)
collision_mask = 2
hit_from_inside = true
script = ExtResource("2_0ermh")
opposite_side = 5

[node name="RayCast 9" type="RayCast3D" parent="DiceD12/RayCasts"]
transform = Transform3D(0.427957, -0.782713, 0.451899, 4.87914e-08, 0.5, 0.866026, -0.903799, -0.370622, 0.213979, 0.636011, -0.465167, 0.533293)
target_position = Vector3(0, -0.2, 0)
collision_mask = 2
hit_from_inside = true
script = ExtResource("2_0ermh")
opposite_side = 2

[node name="RayCast 10" type="RayCast3D" parent="DiceD12/RayCasts"]
transform = Transform3D(-0.53261, -0.73297, 0.42318, -4.95076e-08, 0.5, 0.866026, -0.846361, 0.461254, -0.266305, 0.713358, -0.465167, -0.461167)
target_position = Vector3(0, -0.2, 0)
collision_mask = 2
hit_from_inside = true
script = ExtResource("2_0ermh")
opposite_side = 3

[node name="RayCast 11" type="RayCast3D" parent="DiceD12/RayCasts"]
transform = Transform3D(0.00933751, 0.865988, -0.499978, -2.70743e-08, 0.5, 0.866025, 0.999956, -0.00808659, 0.00466877, -0.772808, -0.465167, 0.0415883)
target_position = Vector3(0, -0.2, 0)
collision_mask = 2
hit_from_inside = true
script = ExtResource("2_0ermh")
opposite_side = 6

[node name="RayCast 12" type="RayCast3D" parent="DiceD12/RayCasts"]
transform = Transform3D(0.939394, 0.296908, -0.17142, 5.04532e-08, 0.5, 0.866025, 0.34284, -0.813539, 0.469697, -0.259005, -0.465167, 0.787434)
target_position = Vector3(0, -0.2, 0)
collision_mask = 2
hit_from_inside = true
script = ExtResource("2_0ermh")
opposite_side = 4

[node name="DiceD20" type="RigidBody3D" parent="."]
transform = Transform3D(1, 0, 0, 0, 1, 0, 0, 0, 1, 25, 0, 0)

[node name="MeshInstance3D" type="MeshInstance3D" parent="DiceD20"]
mesh = ExtResource("8_l556a")

[node name="CollisionShape3D" type="CollisionShape3D" parent="DiceD20"]
shape = SubResource("ConvexPolygonShape3D_3tsl7")

[node name="RayCasts" type="Node3D" parent="DiceD20"]

[node name="RayCast 1" type="RayCast3D" parent="DiceD20/RayCasts"]
transform = Transform3D(0.866025, -0.5, 4.37114e-08, -0.5, -0.866025, 7.57104e-08, 0, -8.74228e-08, -1, 0.525122, 0.809002, -0.00634418)
target_position = Vector3(0, -0.2, 0)
collision_mask = 2
hit_from_inside = true
script = ExtResource("2_0ermh")
opposite_side = 1

[node name="RayCast 2" type="RayCast3D" parent="DiceD20/RayCasts"]
transform = Transform3D(0.229541, -0.132526, -0.964234, -0.5, -0.866025, 7.57104e-08, -0.835051, 0.482117, -0.265051, 0.212503, 0.809002, -0.522636)
target_position = Vector3(0, -0.2, 0)
collision_mask = 2
hit_from_inside = true
script = ExtResource("2_0ermh")
opposite_side = 7

[node name="RayCast 3" type="RayCast3D" parent="DiceD20/RayCasts"]
transform = Transform3D(-0.715933, 0.413344, -0.562661, -0.5, -0.866025, 7.88646e-08, -0.487278, 0.28133, 0.826688, -0.479044, 0.809002, -0.352118)
target_position = Vector3(0, -0.2, 0)
collision_mask = 2
hit_from_inside = true
script = ExtResource("2_0ermh")
opposite_side = 17

[node name="RayCast 4" type="RayCast3D" parent="DiceD20/RayCasts"]
transform = Transform3D(-0.759406, 0.438443, 0.480698, -0.5, -0.866025, 6.2599e-08, 0.416297, -0.240349, 0.876886, -0.431677, 0.809002, 0.329956)
target_position = Vector3(0, -0.2, 0)
collision_mask = 2
hit_from_inside = true
script = ExtResource("2_0ermh")
opposite_side = 3

[node name="RayCast 5" type="RayCast3D" parent="DiceD20/RayCasts"]
transform = Transform3D(0.0415049, -0.0239628, 0.998851, -0.5, -0.866025, 5.86055e-08, 0.86503, -0.499425, -0.0479259, 0.169874, 0.809002, 0.524157)
target_position = Vector3(0, -0.2, 0)
collision_mask = 2
hit_from_inside = true
script = ExtResource("2_0ermh")
opposite_side = 19

[node name="RayCast 11" type="RayCast3D" parent="DiceD20/RayCasts"]
transform = Transform3D(0.412886, -0.23838, 0.879034, -0.883024, -0.341234, 0.322223, 0.223145, -0.909249, -0.351386, 0.324224, 0.0424366, 0.887989)
target_position = Vector3(0, -0.2, 0)
collision_mask = 2
hit_from_inside = true
script = ExtResource("2_0ermh")
opposite_side = 9

[node name="RayCast 12" type="RayCast3D" parent="DiceD20/RayCasts"]
transform = Transform3D(0.320111, -0.939977, -0.1182, -0.883024, -0.341234, 0.322223, -0.343216, 0.00122605, -0.939256, 0.982616, 0.0424366, 0.0117139)
target_position = Vector3(0, -0.2, 0)
collision_mask = 2
hit_from_inside = true
script = ExtResource("2_0ermh")
opposite_side = 13

[node name="RayCast 13" type="RayCast3D" parent="DiceD20/RayCasts"]
transform = Transform3D(-0.230508, -0.282724, -0.931093, -0.883024, -0.341234, 0.322223, -0.408821, 0.896452, -0.170994, 0.302065, 0.0424366, -0.919568)
target_position = Vector3(0, -0.2, 0)
collision_mask = 2
hit_from_inside = true
script = ExtResource("2_0ermh")
opposite_side = 15

[node name="RayCast 14" type="RayCast3D" parent="DiceD20/RayCasts"]
transform = Transform3D(-0.463675, 0.740529, -0.48644, -0.883024, -0.341234, 0.322223, 0.0726254, 0.578945, 0.812126, -0.775475, 0.0424366, -0.591231)
target_position = Vector3(0, -0.2, 0)
collision_mask = 2
hit_from_inside = true
script = ExtResource("2_0ermh")
opposite_side = 10

[node name="RayCast 15" type="RayCast3D" parent="DiceD20/RayCasts"]
transform = Transform3D(0.00601967, 0.678272, 0.734787, -0.883024, -0.341234, 0.322223, 0.469289, -0.650774, 0.596876, -0.74861, 0.0424366, 0.608689)
target_position = Vector3(0, -0.2, 0)
collision_mask = 2
hit_from_inside = true
script = ExtResource("2_0ermh")
opposite_side = 16

[node name="RayCast 16" type="RayCast3D" parent="DiceD20/RayCasts"]
transform = Transform3D(-0.412886, 0.23838, -0.879034, 0.883024, 0.341234, -0.322223, 0.223145, -0.909249, -0.351386, -0.290297, -0.252546, 0.887989)
target_position = Vector3(0, -0.2, 0)
collision_mask = 2
hit_from_inside = true
script = ExtResource("2_0ermh")
opposite_side = 6

[node name="RayCast 17" type="RayCast3D" parent="DiceD20/RayCasts"]
transform = Transform3D(-0.320111, 0.939977, 0.1182, 0.883024, 0.341234, -0.322223, -0.343216, 0.00122605, -0.939256, -0.948689, -0.252546, 0.0117139)
target_position = Vector3(0, -0.2, 0)
collision_mask = 2
hit_from_inside = true
script = ExtResource("2_0ermh")
opposite_side = 8

[node name="RayCast 18" type="RayCast3D" parent="DiceD20/RayCasts"]
transform = Transform3D(0.230508, 0.282724, 0.931093, 0.883024, 0.341234, -0.322223, -0.408821, 0.896452, -0.170994, -0.268137, -0.252546, -0.919568)
target_position = Vector3(0, -0.2, 0)
collision_mask = 2
hit_from_inside = true
script = ExtResource("2_0ermh")
opposite_side = 12

[node name="RayCast 19" type="RayCast3D" parent="DiceD20/RayCasts"]
transform = Transform3D(0.463675, -0.740529, 0.48644, 0.883024, 0.341234, -0.322223, 0.0726253, 0.578945, 0.812126, 0.765335, -0.252546, -0.591231)
target_position = Vector3(0, -0.2, 0)
collision_mask = 2
hit_from_inside = true
script = ExtResource("2_0ermh")
opposite_side = 5

[node name="RayCast 20" type="RayCast3D" parent="DiceD20/RayCasts"]
transform = Transform3D(-0.00601969, -0.678272, -0.734787, 0.883024, 0.341234, -0.322223, 0.469289, -0.650774, 0.596876, 0.761076, -0.252546, 0.577439)
target_position = Vector3(0, -0.2, 0)
collision_mask = 2
hit_from_inside = true
script = ExtResource("2_0ermh")
opposite_side = 11

[node name="RayCast 6" type="RayCast3D" parent="DiceD20/RayCasts"]
transform = Transform3D(-0.866025, 0.5, -4.37114e-08, 0.5, 0.866025, -7.57103e-08, 0, -8.74228e-08, -1, -0.526411, -0.808869, -0.00634418)
target_position = Vector3(0, -0.2, 0)
collision_mask = 2
hit_from_inside = true
script = ExtResource("2_0ermh")
opposite_side = 20

[node name="RayCast 7" type="RayCast3D" parent="DiceD20/RayCasts"]
transform = Transform3D(-0.229541, 0.132526, 0.964234, 0.5, 0.866025, -1.56806e-07, -0.835051, 0.482117, -0.265051, -0.213793, -0.808869, -0.522636)
target_position = Vector3(0, -0.2, 0)
collision_mask = 2
hit_from_inside = true
script = ExtResource("2_0ermh")
opposite_side = 2

[node name="RayCast 8" type="RayCast3D" parent="DiceD20/RayCasts"]
transform = Transform3D(0.715933, -0.413344, 0.562661, 0.5, 0.866025, -1.23893e-07, -0.487278, 0.28133, 0.826688, 0.477755, -0.808869, -0.352118)
target_position = Vector3(0, -0.2, 0)
collision_mask = 2
hit_from_inside = true
script = ExtResource("2_0ermh")
opposite_side = 18

[node name="RayCast 9" type="RayCast3D" parent="DiceD20/RayCasts"]
transform = Transform3D(0.759406, -0.438443, -0.480698, 0.5, 0.866025, 1.45509e-08, 0.416297, -0.240349, 0.876886, 0.430387, -0.808869, 0.329956)
target_position = Vector3(0, -0.2, 0)
collision_mask = 2
hit_from_inside = true
script = ExtResource("2_0ermh")
opposite_side = 4

[node name="RayCast 10" type="RayCast3D" parent="DiceD20/RayCasts"]
transform = Transform3D(-0.0415049, 0.0239629, -0.998851, 0.5, 0.866025, 2.55846e-08, 0.86503, -0.499426, -0.0479259, -0.171164, -0.808869, 0.524157)
target_position = Vector3(0, -0.2, 0)
collision_mask = 2
hit_from_inside = true
script = ExtResource("2_0ermh")
opposite_side = 14

[node name="DiceD100" type="RigidBody3D" parent="."]
transform = Transform3D(1, 0, 0, 0, 1, 0, 0, 0, 1, 210, 0, 0)
gravity_scale = 20.0

[node name="MeshInstance3D" type="MeshInstance3D" parent="DiceD100"]
transform = Transform3D(1, 0, 0, 0, 1, 0, 0, 0, 1, 20, 20, 0)
mesh = ExtResource("9_rl46j")

[node name="CollisionShape3D" type="CollisionShape3D" parent="DiceD100"]
transform = Transform3D(1, 0, 0, 0, 1, 0, 0, 0, 1, 20, 20, 0)
shape = SubResource("ConvexPolygonShape3D_7ouxb")
